R BICEPS BRACHII: Ch3 (Dev1) [Volts]
3.99583E-05
3.54248E-05
2.27955E-05
1.98811E-05
1.09758E-05
3.20246E-05
2.02049E-05
-3.37123E-05
-7.07905E-05
-7.92101E-05
-7.22478E-05
-5.91328E-05
-3.71125E-05
1.95572E-05
8.44846E-05
8.46465E-05
8.30274E-05
9.93806E-05
8.70752E-05
4.87017E-05
1.84238E-05
1.42292E-06
-1.80067E-05
-3.09598E-05
-1.89782E-05
1.69666E-05
2.05287E-05
4.66119E-06
-1.49153E-06
-6.02511E-06
-1.00729E-05
-3.59641E-06
9.19477E-06
2.03668E-05
2.21479E-05
2.60338E-05
2.10145E-05
2.70053E-05
2.83006E-05
2.15002E-05
9.5186E-06
6.44224E-06
7.41372E-06
-9.58721E-06
-3.12836E-05
-1.41208E-05
-7.80616E-06
-1.7521E-05
-2.98264E-05
-3.09598E-05
-2.65881E-05
-4.7298E-06
2.42527E-05
4.28728E-05
4.95113E-05
4.95113E-05
5.21019E-05
4.64349E-05
2.61957E-05
-1.21778E-05
-4.58559E-05
-4.40748E-05
-2.88549E-05
-3.48457E-05
-2.33499E-05
-1.12063E-05
-1.10444E-05
1.04901E-05
5.3721E-05
6.16548E-05
5.50163E-05
5.5664E-05
3.93107E-05
2.03668E-05
3.52779E-06
2.06906E-05
3.00816E-05
7.41372E-06
8.3852E-06
4.01353E-06
4.98501E-06
-6.51085E-06
-3.11066E-06
-1.12063E-05
-2.61024E-05
-1.63876E-05
2.71822E-06
2.42527E-05
1.56713E-05
2.571E-05
4.07679E-05
3.75296E-05
1.93953E-05
-8.61573E-06
6.76606E-06
3.41295E-05
3.34818E-05
2.47385E-05
1.21092E-05
2.88014E-06
4.66119E-06
1.01662E-05
8.70903E-06
9.35668E-06
6.60415E-06
1.50237E-05
1.11377E-05
4.98501E-06
-1.76829E-05
-3.6141E-05
-5.3142E-05
-5.07133E-05
-2.57786E-05
-3.48457E-05
-5.96185E-05
-2.77215E-05
1.30807E-05
4.90255E-05
5.27495E-05
5.30733E-05
5.3721E-05
5.194E-05
4.0606E-05
4.12537E-05
2.70053E-05
-1.49153E-06
-2.23784E-05
1.261E-06
1.53475E-05
2.91101E-05
3.00816E-05
2.83006E-05
1.53475E-05
-2.04354E-05
-6.34894E-06
2.65195E-05
3.29961E-05
2.571E-05
2.08525E-05
3.54248E-05
3.8825E-05
4.82159E-05
2.05287E-05
-3.46838E-05
-4.42367E-05
-4.61797E-05
-6.72284E-05
-4.50463E-05
-8.12999E-06
1.42141E-05
1.58483E-06
-1.97727E-06
1.48617E-05
2.34432E-05
1.11377E-05
-4.08215E-06
8.87094E-06
3.34818E-05
5.32353E-05
4.59492E-05
5.71212E-05
5.71212E-05
3.81773E-05
2.02049E-05
-2.17307E-05
-2.01116E-05
-1.44446E-05
-1.71971E-05
1.00043E-05
2.95959E-05
3.34818E-05
2.31193E-05
-3.27409E-05
-3.53315E-05
-2.64262E-05
-2.78684E-06
1.48617E-05
2.27955E-05
-1.65495E-05
-2.85311E-05
1.97192E-05
1.37283E-05
-6.51085E-06
4.98501E-06
6.92798E-06
2.45766E-05
5.66355E-05
6.94266E-05
5.21019E-05
1.72904E-05
2.16621E-05
2.13383E-05
-4.21318E-05
-7.19239E-05
-2.51309E-05
-1.1854E-05
-4.40597E-06
-1.96259E-05
-1.83305E-05
6.44224E-06
6.29501E-05
7.16934E-05
3.63963E-05
-1.88163E-05
-1.33112E-05
1.37283E-05
2.36051E-05
3.28342E-05
4.46538E-05
4.19013E-05
3.04054E-05
2.19859E-05
2.65195E-05
4.44919E-05
3.63963E-05
1.69666E-05
-3.59641E-06
-2.25403E-05
-3.37123E-05
-1.54161E-05
-8.2919E-06
7.41372E-06
4.01353E-06
-7.80616E-06
7.73755E-06
2.36051E-05
8.22329E-06
-3.45219E-05
-4.31033E-05
-4.90941E-05
-3.20932E-05
-4.69892E-05
-6.6095E-05
-1.84925E-05
3.8663E-05
7.71985E-05
7.50936E-05
6.47311E-05
3.55867E-05
-4.40597E-06
6.60415E-06
1.64809E-05
3.62343E-05
5.48544E-05
7.4284E-05
6.66741E-05
4.88636E-05
3.76916E-05
2.34432E-05
-2.78834E-05
-8.13149E-05
-4.79607E-05
-2.22165E-05
-7.64424E-06
-7.32042E-06
-3.75983E-05
-2.94875E-06
1.29188E-05
3.85011E-05
4.40062E-05
4.51396E-05
3.57486E-05
1.37283E-05
-2.17307E-05
-2.78684E-06
2.97578E-05
3.10531E-05
1.87477E-05
1.48617E-05
-1.07206E-05
-2.82073E-05
-3.27258E-06
9.37175E-07
2.27955E-05
1.46998E-05
-1.42827E-05
-2.83692E-05
-9.42529E-06
2.55631E-06
1.61571E-05
2.10145E-05
1.66428E-05
2.68434E-05
2.40908E-05
1.76143E-05
1.01662E-05
-6.34894E-06
-6.99659E-06
6.76606E-06
1.85858E-05
2.79767E-05
3.60724E-05
1.85858E-05
-1.9622E-07
-1.08825E-05
-6.67276E-06
2.66814E-05
1.79381E-05
1.69666E-05
4.35204E-05
6.11841E-06
-6.38283E-05
-4.42367E-05
1.09909E-06
1.87477E-05
2.03668E-05
1.51856E-05
2.11764E-05
2.70053E-05
2.40908E-05
2.36051E-05
3.33199E-05
3.76916E-05
2.55631E-06
-4.66654E-05
-1.12063E-05
-6.34894E-06
1.21092E-05
3.07293E-05
3.55867E-05
2.11764E-05
1.58332E-05
2.76529E-05
1.16235E-05
2.71822E-06
-7.64424E-06
-3.71125E-05
-1.1854E-05
4.66119E-06
1.58332E-05
1.38903E-05
1.14616E-05
1.6319E-05
1.74524E-05
1.40522E-05
1.42141E-05
-3.59641E-06
5.9565E-06
2.7491E-05
3.75296E-05
-1.20159E-05
-5.42754E-05
-2.57786E-05
5.63267E-06
1.53475E-05
2.08525E-05
2.27955E-05
2.9434E-05
5.09685E-05
5.5664E-05
2.08525E-05
-2.54547E-05
-3.32266E-05
-4.06746E-05
-5.23324E-05
-1.97878E-05
2.31193E-05
3.47771E-05
4.02822E-05
4.04441E-05
3.36437E-05
3.21865E-05
2.86244E-05
2.3767E-05
2.06906E-05
9.03285E-06
2.89521E-07
-6.02511E-06
1.46998E-05
3.67201E-05
3.93107E-05
2.50623E-05
6.76606E-06
-2.61024E-05
-3.22551E-05
-9.10147E-06
-4.24406E-06
-1.02349E-05
-1.32962E-06
4.33736E-06
1.14616E-05
1.46998E-05
1.14616E-05
2.3944E-06
-4.08215E-06
-4.24406E-06
1.261E-06
9.19477E-06
1.08139E-05
1.30807E-05
1.2433E-05
1.32426E-05
2.3767E-05
3.52629E-05
4.23871E-05
5.33972E-05
4.19013E-05
2.27955E-05
-2.62643E-05
-5.96185E-05
-5.03894E-05
-3.66268E-05
5.9565E-06
-6.51085E-06
-4.89171E-06
-1.71971E-05
-1.41208E-05
7.25181E-06
3.04054E-05
2.97578E-05
1.90715E-05
4.17394E-05
4.69206E-05
4.10917E-05
4.53015E-05
4.09298E-05
1.84238E-05
7.89946E-06
1.14616E-05
1.92334E-05
1.82619E-05
1.72904E-05
1.76143E-05
2.3767E-05
1.81E-05
5.47076E-06
-1.31493E-05
-1.44446E-05
-4.86084E-05
-7.85624E-05
-5.4923E-05
-1.39589E-05
3.42914E-05
2.65195E-05
2.78148E-05
3.13769E-05
2.52242E-05
2.08525E-05
-4.89171E-06
-1.23397E-05
8.87094E-06
3.04054E-05
3.21865E-05
2.24717E-05
1.2433E-05
2.78148E-05
2.83006E-05
1.0652E-05
-1.7521E-05
-1.83305E-05
4.33736E-06
3.46152E-05
3.47771E-05
1.69666E-05
2.58719E-05
4.15775E-05
1.87477E-05
-2.46452E-05
-2.6912E-05
3.68971E-06
4.17545E-06
-3.79221E-05
-6.36663E-05
-3.48457E-05
9.37175E-07
1.48617E-05
6.11841E-06
1.01662E-05
3.8825E-05
3.8663E-05
4.01203E-05
4.31966E-05
3.59105E-05
2.21479E-05
2.47385E-05
3.67201E-05
3.15388E-05
3.41295E-05
2.61957E-05
-3.43064E-08
-2.15688E-05
7.75262E-07
3.02435E-05
3.72058E-05
9.5186E-06
-3.48457E-05
-4.24557E-05
-5.55707E-05
-8.29341E-05
-8.00196E-05
2.89521E-07
4.44919E-05
6.63503E-05
6.06833E-05
4.19013E-05
-1.12063E-05
-2.78834E-05
-1.20159E-05
1.03282E-05
4.44919E-05
4.87017E-05
4.61111E-05
2.73291E-05
-1.23397E-05
-1.67114E-05
1.34045E-05
3.72058E-05
4.12537E-05
2.76529E-05
3.08912E-05
2.60338E-05
2.3944E-06
-1.03968E-05
2.23248E-06
2.3944E-06
-3.11066E-06
-5.05363E-06
3.68971E-06
1.19473E-05
9.84242E-06
1.42141E-05
1.22711E-05
1.12996E-05
7.75262E-07
-1.73591E-05
-2.8693E-05
-1.16921E-05
-2.46301E-06
8.70903E-06
2.7491E-05
6.92798E-06
-2.57786E-05
-1.20159E-05
2.73291E-05
5.63267E-06
1.40522E-05
3.3158E-05
4.35204E-05
4.61111E-05
-5.05363E-06
-4.56939E-05
-3.37123E-05
-5.05513E-05
-2.27022E-05
-2.95026E-05
6.60415E-06
4.35204E-05
5.35591E-05
6.21405E-05
6.34358E-05
4.95113E-05
4.14156E-05
3.85011E-05
2.73291E-05
2.06906E-05
2.16621E-05
1.56713E-05
1.37283E-05
1.81E-05
1.69666E-05
1.2595E-05
7.08989E-06
9.19477E-06
1.27569E-05
-1.1677E-06
-1.50923E-05
2.89521E-07
1.74674E-06
-2.52928E-05
-4.73131E-05
-5.62183E-05
-5.57326E-05
-1.99497E-05
1.2433E-05
6.13348E-07
7.73755E-06
9.35668E-06
-1.00729E-05
-5.37745E-06
-3.54934E-05
-1.5578E-05
2.3767E-05
3.91488E-05
4.22251E-05
4.19013E-05
4.75683E-05
4.35204E-05
3.89869E-05
3.80154E-05
5.01589E-05
4.46538E-05
3.57486E-05
2.36051E-05
1.77762E-05
2.68434E-05
1.93953E-05
1.01662E-05
2.55631E-06
4.49927E-06
-1.49153E-06
-3.92023E-06
-1.03968E-05
-1.68733E-05
-1.96259E-05
-2.04354E-05
-1.10444E-05
-1.03968E-05
-6.67276E-06
-3.11066E-06
-4.89171E-06
-6.34894E-06
-3.59641E-06
1.22711E-05
2.16621E-05
1.16235E-05
1.58483E-06
1.76143E-05
2.03668E-05
1.72904E-05
7.75262E-07
-2.65881E-05
-1.50923E-05
2.08525E-05
4.09298E-05
1.71285E-05
2.34432E-05
2.39289E-05
-5.8632E-06
1.42141E-05
3.34818E-05
4.09298E-05
3.36437E-05
2.02049E-05
1.34045E-05
-2.27022E-05
-6.18702E-06
-5.53937E-06
1.21092E-05
1.53475E-05
-2.41594E-05
-1.70352E-05
9.68051E-06
2.61957E-05
4.04441E-05
3.72058E-05
2.3767E-05
1.17854E-05
1.27569E-05
1.42292E-06
-3.56553E-05
-4.26176E-05
-1.81536E-06
2.86244E-05
2.92721E-05
4.33585E-05
3.75296E-05
2.13383E-05
7.57563E-06
2.07057E-06
4.33736E-06
-5.20047E-07
-1.13683E-05
-7.32042E-06
1.58483E-06
4.33736E-06
5.47076E-06
7.08989E-06
1.30807E-05
1.77762E-05
1.46998E-05
1.50237E-05
7.08989E-06
-6.34894E-06
-2.20546E-05
-2.3011E-06
1.30807E-05
3.85162E-06
1.21092E-05
2.42527E-05
1.71285E-05
1.46998E-05
1.71285E-05
8.54711E-06
8.06137E-06
1.12996E-05
8.3852E-06
9.19477E-06
1.00043E-05
7.89946E-06
1.11377E-05
5.79458E-06
3.20397E-06
9.35668E-06
1.22711E-05
1.71285E-05
1.46998E-05
1.72904E-05
2.0043E-05
2.19859E-05
4.8231E-06
1.17854E-05
1.34045E-05
-9.58721E-06
1.09758E-05
2.23098E-05
1.4376E-05
-1.7521E-05
-2.54547E-05
-1.83305E-05
-2.46301E-06
-1.97727E-06
1.2595E-05
2.73291E-05
1.93953E-05
1.58483E-06
1.93953E-05
3.20246E-05
1.51856E-05
2.0043E-05
1.72904E-05
9.03285E-06
-3.43064E-08
-5.8632E-06
-9.26338E-06
-7.48233E-06
4.51434E-07
1.84238E-05
2.53861E-05
2.76529E-05
1.45379E-05
1.56713E-05
1.95572E-05
2.23098E-05
1.56713E-05
2.23248E-06
7.25181E-06
6.11841E-06
7.89946E-06
9.19477E-06
7.73755E-06
-9.58721E-06
-2.13918E-06
7.25181E-06
6.92798E-06
5.30884E-06
7.08989E-06
-6.81961E-07
-3.59641E-06
-4.40597E-06
-3.27258E-06
4.66119E-06
9.5186E-06
1.14616E-05
1.76143E-05
1.97192E-05
2.40908E-05
3.42914E-05
2.50623E-05
1.59951E-05
1.09758E-05
9.5186E-06
1.27569E-05
1.09909E-06
-3.75832E-06
7.75262E-07
1.42292E-06
-1.32962E-06
-5.21554E-06
-1.00579E-06
6.60415E-06
1.14616E-05
1.72904E-05
2.06906E-05
2.05287E-05
2.24717E-05
1.79381E-05
1.42141E-05
1.08139E-05
1.22711E-05
1.19473E-05
1.22711E-05
7.73755E-06
4.8231E-06
2.23248E-06
2.88014E-06
-4.08215E-06
-8.2919E-06
-1.02349E-05
-5.8632E-06
3.36588E-06
1.17854E-05
1.48617E-05
1.56713E-05
1.03282E-05
7.75262E-07
1.45379E-05
2.63576E-05
1.6319E-05
1.68047E-05
2.5548E-05
3.1215E-05
2.21479E-05
8.06137E-06
-3.58134E-07
-1.25017E-05
-1.59018E-05
-1.63876E-05
-1.3797E-05
1.21092E-05
2.49004E-05
1.76143E-05
9.68051E-06
1.04901E-05
4.51434E-07
2.89521E-07
7.08989E-06
1.66428E-05
1.98811E-05
2.24717E-05
1.71285E-05
1.32426E-05
1.12996E-05
1.29188E-05
-4.08215E-06
-5.21554E-06
6.28032E-06
9.35668E-06
1.2433E-05
1.30807E-05
1.42141E-05
1.6319E-05
8.22329E-06
1.00043E-05
1.2595E-05
1.14616E-05
1.22711E-05
1.55094E-05
1.50237E-05
1.21092E-05
1.22711E-05
6.60415E-06
1.261E-06
-3.43449E-06
-6.18702E-06
2.71822E-06
2.88014E-06
-4.08215E-06
-2.13918E-06
-1.9302E-05
-1.39589E-05
-6.99659E-06
9.84242E-06
2.53861E-05
2.21479E-05
2.7491E-05
3.3158E-05
2.97578E-05
1.92334E-05
1.48617E-05
2.1824E-05
1.45379E-05
1.01662E-05
1.261E-06
5.30884E-06
1.09758E-05
1.55094E-05
2.60338E-05
1.12996E-05
-3.59641E-06
-4.08215E-06
-9.58721E-06
-9.91104E-06
-4.40597E-06
2.55631E-06
7.08989E-06
1.29188E-05
1.56713E-05
2.16621E-05
1.69666E-05
1.19473E-05
8.87094E-06
1.01662E-05
7.25181E-06
7.73755E-06
4.01353E-06
8.06137E-06
8.3852E-06
5.14693E-06
2.88014E-06
7.08989E-06
2.88014E-06
3.52779E-06
8.3852E-06
1.35664E-05
1.48617E-05
1.38903E-05
1.21092E-05
1.42141E-05
1.46998E-05
1.0652E-05
9.19477E-06
1.34045E-05
1.16235E-05
2.71822E-06
-3.58134E-07
4.17545E-06
6.13348E-07
-3.11066E-06
-1.05587E-05
-1.13683E-05
6.28032E-06
1.79381E-05
1.81E-05
1.97192E-05
2.34432E-05
2.15002E-05
2.15002E-05
2.32812E-05
1.98811E-05
1.74524E-05
1.21092E-05
4.8231E-06
3.04205E-06
3.68971E-06
-1.97727E-06
1.09909E-06
1.01662E-05
1.21092E-05
1.08139E-05
1.95572E-05
1.84238E-05
2.89521E-07
-2.41594E-05
-1.67114E-05
-9.10147E-06
-2.46301E-06
-3.58134E-07
1.90715E-05
2.52242E-05
2.65195E-05
1.51856E-05
1.38903E-05
2.0043E-05
1.90715E-05
1.00043E-05
6.76606E-06
1.03282E-05
1.4376E-05
2.36051E-05
2.7491E-05
1.2433E-05
-3.58134E-07
-7.32042E-06
-1.78448E-05
-7.48233E-06
-9.74912E-06
-5.53937E-06
1.58332E-05
1.76143E-05
1.11377E-05
1.69666E-05
1.42141E-05
1.81E-05
1.77762E-05
3.52779E-06
-1.65344E-06
5.30884E-06
1.27569E-05
1.4376E-05
8.54711E-06
7.25181E-06
1.19473E-05
2.27955E-05
2.19859E-05
1.71285E-05
1.40522E-05
7.89946E-06
-3.59641E-06
-1.1677E-06
-3.59641E-06
-1.21778E-05
-4.56789E-06
5.79458E-06
1.40522E-05
1.32426E-05
9.35668E-06
6.11841E-06
1.04901E-05
1.00043E-05
1.01662E-05
1.21092E-05
1.71285E-05
1.74524E-05
1.92334E-05
1.93953E-05
5.63267E-06
7.73755E-06
1.4376E-05
2.05287E-05
1.87477E-05
9.03285E-06
2.3944E-06
-4.08215E-06
1.27607E-07
-6.81961E-07
-1.81536E-06
-4.24406E-06
9.37175E-07
1.261E-06
1.74674E-06
4.98501E-06
1.2595E-05
1.27569E-05
1.34045E-05
1.11377E-05
3.20397E-06
7.57563E-06
2.50623E-05
2.0043E-05
1.79381E-05
1.76143E-05
1.58332E-05
1.42141E-05
1.09758E-05
9.5186E-06
7.25181E-06
7.41372E-06
4.17545E-06
4.8231E-06
-3.43064E-08
-7.64424E-06
2.55631E-06
1.74524E-05
2.31193E-05
2.40908E-05
1.37283E-05
1.79381E-05
1.03282E-05
-6.51085E-06
-1.47684E-05
-2.04354E-05
-2.85311E-05
-1.88163E-05
2.89521E-07
1.77762E-05
1.89096E-05
1.72904E-05
2.29574E-05
2.05287E-05
2.1824E-05
2.65195E-05
2.92721E-05
2.571E-05
2.68434E-05
2.571E-05
1.98811E-05
1.68047E-05
1.03282E-05
6.60415E-06
9.19477E-06
7.08989E-06
-2.13918E-06
-5.8632E-06
2.3944E-06
-3.43064E-08
-1.02349E-05
-1.23397E-05
-3.59641E-06
-6.34894E-06
-5.05363E-06
-6.18702E-06
4.17545E-06
1.2433E-05
2.1824E-05
2.0043E-05
1.93953E-05
1.77762E-05
2.06906E-05
2.10145E-05
2.06906E-05
1.64809E-05
1.66428E-05
1.40522E-05
6.76606E-06
3.52779E-06
-5.20047E-07
-1.81536E-06
2.88014E-06
4.01353E-06
3.85162E-06
1.261E-06
-9.74912E-06
1.261E-06
1.4376E-05
1.09758E-05
6.44224E-06
8.3852E-06
1.12996E-05
1.66428E-05
1.66428E-05
1.82619E-05
1.98811E-05
1.71285E-05
1.04901E-05
1.2595E-05
1.50237E-05
1.59951E-05
1.35664E-05
1.27607E-07
-8.43874E-07
8.22329E-06
1.261E-06
-1.42827E-05
-1.08825E-05
1.00043E-05
2.21479E-05
2.39289E-05
2.89482E-05
2.23098E-05
1.0652E-05
1.03282E-05
8.54711E-06
6.44224E-06
6.28032E-06
-1.00579E-06
-1.76829E-05
-1.25017E-05
-8.12999E-06
-2.78684E-06
2.88014E-06
1.6319E-05
2.26336E-05
2.26336E-05
2.27955E-05
2.23098E-05
2.10145E-05
1.53475E-05
1.92334E-05
9.68051E-06
1.34045E-05
1.89096E-05
1.58332E-05
1.46998E-05
1.6319E-05
4.49927E-06
-3.43064E-08
-1.13683E-05
-1.88163E-05
-2.05973E-05
-2.36737E-05
-1.15302E-05
-1.9622E-07
1.51856E-05
2.08525E-05
2.0043E-05
9.03285E-06
1.21092E-05
2.29574E-05
3.02435E-05
3.04054E-05
2.5548E-05
2.19859E-05
2.02049E-05
1.61571E-05
1.45379E-05
1.12996E-05
7.41372E-06
3.85162E-06
-1.9622E-07
-3.11066E-06
-2.46301E-06
-1.32962E-06
-1.13683E-05
-6.34894E-06
1.55094E-05
2.21479E-05
1.61571E-05
1.2595E-05
5.63267E-06
1.00043E-05
6.60415E-06
1.42292E-06
9.37175E-07
-8.61573E-06
-2.62492E-06
-1.00579E-06
3.04205E-06
9.03285E-06
1.32426E-05
1.97192E-05
1.61571E-05
1.97192E-05
1.93953E-05
2.0043E-05
1.90715E-05
1.89096E-05
1.82619E-05
1.35664E-05
9.84242E-06
1.40522E-05
1.03282E-05
7.25181E-06
2.07057E-06
4.66119E-06
2.07057E-06
-1.97727E-06
1.42292E-06
-3.43064E-08
-8.2919E-06
-7.96807E-06
-5.05363E-06
-9.42529E-06
3.20397E-06
1.48617E-05
2.26336E-05
2.71672E-05
2.53861E-05
2.49004E-05
2.81387E-05
1.87477E-05
1.27569E-05
1.03282E-05
1.14616E-05
1.00043E-05
2.07057E-06
-3.27258E-06
-6.67276E-06
-3.92023E-06
2.3944E-06
3.36588E-06
-1.32962E-06
4.51434E-07
7.57563E-06
7.57563E-06
1.84238E-05
2.571E-05
3.07293E-05
2.87863E-05
2.21479E-05
1.61571E-05
6.92798E-06
6.60415E-06
6.44224E-06
-2.62492E-06
-1.00579E-06
1.00043E-05
6.92798E-06
8.54711E-06
3.20397E-06
-1.1677E-06
2.3944E-06
-2.62492E-06
-5.8632E-06
-5.05363E-06
-3.92023E-06
5.9565E-06
1.4376E-05
1.58332E-05
1.64809E-05
1.72904E-05
2.39289E-05
1.77762E-05
1.40522E-05
9.5186E-06
8.06137E-06
2.71822E-06
4.01353E-06
4.49927E-06
-5.20047E-07
8.70903E-06
2.03668E-05
1.97192E-05
2.15002E-05
2.0043E-05
1.46998E-05
1.09758E-05
1.03282E-05
1.12996E-05
4.49927E-06
5.47076E-06
3.85162E-06
-1.00579E-06
1.42292E-06
-3.59641E-06
-4.56789E-06
2.07057E-06
5.14693E-06
7.89946E-06
1.77762E-05
2.42527E-05
2.32812E-05
1.32426E-05
-2.78684E-06
-9.74912E-06
-1.5578E-05
2.88014E-06
2.10145E-05
2.11764E-05
2.34432E-05
1.71285E-05
1.17854E-05
1.09758E-05
7.41372E-06
3.20397E-06
4.51434E-07
-3.43449E-06
-2.46301E-06
1.58483E-06
9.68051E-06
8.3852E-06
2.55631E-06
3.04205E-06
8.54711E-06
-3.58134E-07
2.89521E-07
3.20397E-06
6.44224E-06
2.5548E-05
4.02822E-05
4.53015E-05
4.12537E-05
2.95959E-05
2.19859E-05
2.29574E-05
1.61571E-05
7.57563E-06
-1.49153E-06
-3.92023E-06
-6.81961E-07
-2.94875E-06
-1.65344E-06
1.27607E-07
-2.46301E-06
-5.70128E-06
9.5186E-06
1.97192E-05
1.30807E-05
9.84242E-06
1.12996E-05
8.87094E-06
8.54711E-06
1.27607E-07
-1.00579E-06
-4.08215E-06
-3.58134E-07
1.17854E-05
1.11377E-05
6.44224E-06
-4.56789E-06
-2.13918E-06
-1.32962E-06
-3.58134E-07
7.75262E-07
8.3852E-06
7.41372E-06
9.35668E-06
3.85162E-06
1.90866E-06
1.17854E-05
1.6319E-05
1.34045E-05
1.04901E-05
7.73755E-06
1.08139E-05
1.14616E-05
1.53475E-05
1.76143E-05
2.0043E-05
2.39289E-05
2.42527E-05
2.73291E-05
2.63576E-05
2.5548E-05
2.39289E-05
1.55094E-05
1.01662E-05
5.30884E-06
6.11841E-06
1.27607E-07
3.36588E-06
8.54711E-06
4.66119E-06
-7.32042E-06
-9.10147E-06
-7.64424E-06
-4.08215E-06
-5.70128E-06
-1.97727E-06
-4.08215E-06
6.44224E-06
1.27569E-05
1.46998E-05
1.34045E-05
1.50237E-05
1.95572E-05
2.23098E-05
2.1824E-05
1.45379E-05
1.27569E-05
1.34045E-05
9.19477E-06
3.04205E-06
4.49927E-06
2.71822E-06
-1.9622E-07
-3.58134E-07
-1.97727E-06
6.13348E-07
2.3944E-06
8.06137E-06
9.5186E-06
9.19477E-06
9.68051E-06
1.09758E-05
1.59951E-05
1.61571E-05
1.82619E-05
1.66428E-05
1.37283E-05
1.16235E-05
1.16235E-05
9.68051E-06
6.92798E-06
2.55631E-06
1.74674E-06
-3.43064E-08
2.88014E-06
4.01353E-06
6.92798E-06
9.5186E-06
9.35668E-06
9.03285E-06
9.5186E-06
7.25181E-06
1.4376E-05
1.77762E-05
1.46998E-05
1.11377E-05
1.21092E-05
1.30807E-05
1.22711E-05
6.76606E-06
4.98501E-06
9.35668E-06
1.16235E-05
1.12996E-05
4.8231E-06
5.30884E-06
6.92798E-06
7.89946E-06
8.06137E-06
7.41372E-06
7.73755E-06
1.11377E-05
8.54711E-06
8.06137E-06
8.3852E-06
6.11841E-06
1.19473E-05
1.2433E-05
9.03285E-06
6.60415E-06
6.76606E-06
5.9565E-06
4.01353E-06
1.90866E-06
1.27607E-07
1.09909E-06
1.74674E-06
5.9565E-06
1.00043E-05
9.35668E-06
1.22711E-05
1.61571E-05
2.08525E-05
2.10145E-05
1.85858E-05
1.58332E-05
1.66428E-05
1.38903E-05
7.73755E-06
6.60415E-06
7.25181E-06
2.55631E-06
2.23248E-06
2.55631E-06
7.75262E-07
5.79458E-06
5.9565E-06
5.30884E-06
5.63267E-06
3.36588E-06
7.89946E-06
8.54711E-06
1.11377E-05
1.16235E-05
1.29188E-05
1.45379E-05
1.03282E-05
1.2433E-05
1.2595E-05
9.84242E-06
8.06137E-06
7.57563E-06
3.85162E-06
4.66119E-06
5.30884E-06
4.49927E-06
6.11841E-06
5.79458E-06
6.44224E-06
6.11841E-06
9.68051E-06
1.48617E-05
1.38903E-05
1.29188E-05
1.30807E-05
1.14616E-05
1.37283E-05
1.14616E-05
9.35668E-06
8.70903E-06
9.03285E-06
8.22329E-06
7.08989E-06
7.73755E-06
3.85162E-06
1.27607E-07
2.71822E-06
3.85162E-06
3.04205E-06
8.3852E-06
7.73755E-06
6.44224E-06
1.42141E-05
1.38903E-05
1.68047E-05
1.87477E-05
1.51856E-05
1.38903E-05
1.2433E-05
1.03282E-05
4.66119E-06
5.63267E-06
3.85162E-06
4.17545E-06
5.47076E-06
3.04205E-06
6.44224E-06
1.90866E-06
6.60415E-06
7.08989E-06
8.54711E-06
1.0652E-05
1.11377E-05
1.14616E-05
9.35668E-06
1.16235E-05
1.46998E-05
1.12996E-05
9.19477E-06
9.03285E-06
9.84242E-06
1.03282E-05
1.01662E-05
5.30884E-06
5.47076E-06
-3.43064E-08
1.74674E-06
5.63267E-06
7.41372E-06
8.87094E-06
1.04901E-05
1.37283E-05
1.59951E-05
1.64809E-05
1.42141E-05
1.51856E-05
1.11377E-05
9.03285E-06
9.84242E-06
7.08989E-06
7.25181E-06
3.52779E-06
2.55631E-06
3.20397E-06
1.58483E-06
1.74674E-06
3.85162E-06
5.30884E-06
7.25181E-06
9.35668E-06
1.11377E-05
1.81E-05
1.50237E-05
1.50237E-05
1.61571E-05
1.58332E-05
1.09758E-05
1.08139E-05
1.01662E-05
9.5186E-06
8.3852E-06
2.71822E-06
3.68971E-06
1.261E-06
7.75262E-07
5.14693E-06
3.68971E-06
5.30884E-06
8.87094E-06
1.08139E-05
1.29188E-05
1.08139E-05
9.03285E-06
1.4376E-05
1.22711E-05
1.35664E-05
1.08139E-05
1.29188E-05
1.30807E-05
1.03282E-05
6.92798E-06
2.55631E-06
5.63267E-06
3.52779E-06
-3.27258E-06
4.51434E-07
2.07057E-06
4.33736E-06
5.9565E-06
9.19477E-06
1.08139E-05
1.56713E-05
1.4376E-05
1.84238E-05
1.76143E-05
1.85858E-05
1.68047E-05
1.19473E-05
8.3852E-06
8.3852E-06
6.28032E-06
3.85162E-06
2.71822E-06
2.71822E-06
6.13348E-07
9.37175E-07
2.71822E-06
4.51434E-07
3.85162E-06
5.30884E-06
9.84242E-06
1.32426E-05
1.74524E-05
1.69666E-05
1.68047E-05
1.74524E-05
1.21092E-05
9.03285E-06
1.04901E-05
8.87094E-06
6.60415E-06
8.87094E-06
4.66119E-06
3.36588E-06
-1.81536E-06
6.13348E-07
4.01353E-06
6.44224E-06
1.04901E-05
1.00043E-05
1.12996E-05
1.71285E-05
1.90715E-05
1.93953E-05
1.6319E-05
1.48617E-05
1.53475E-05
1.55094E-05
8.3852E-06
5.30884E-06
4.66119E-06
3.04205E-06
6.13348E-07
1.09909E-06
2.23248E-06
1.74674E-06
3.85162E-06
5.30884E-06
5.79458E-06
7.25181E-06
8.70903E-06
9.84242E-06
8.87094E-06
1.11377E-05
1.0652E-05
1.51856E-05
1.35664E-05
1.32426E-05
1.11377E-05
7.73755E-06
6.11841E-06
8.3852E-06
7.57563E-06
5.9565E-06
2.88014E-06
7.41372E-06
3.52779E-06
5.63267E-06
6.76606E-06
1.11377E-05
1.04901E-05
1.01662E-05
1.11377E-05
1.22711E-05
1.38903E-05
1.64809E-05
1.64809E-05
1.29188E-05
1.19473E-05
8.06137E-06
5.9565E-06
6.11841E-06
4.49927E-06
3.68971E-06
6.60415E-06
4.66119E-06
5.79458E-06
3.85162E-06
4.8231E-06
6.60415E-06
9.68051E-06
1.37283E-05
1.03282E-05
1.14616E-05
1.48617E-05
1.55094E-05
1.58332E-05
1.32426E-05
8.87094E-06
7.08989E-06
5.9565E-06
2.88014E-06
1.58483E-06
7.75262E-07
-3.43064E-08
2.71822E-06
5.63267E-06
7.89946E-06
1.08139E-05
1.08139E-05
1.03282E-05
1.35664E-05
1.74524E-05
1.61571E-05
1.50237E-05
1.46998E-05
1.64809E-05
1.35664E-05
1.16235E-05
8.54711E-06
6.28032E-06
2.07057E-06
1.09909E-06
1.74674E-06
1.58483E-06
4.01353E-06
5.63267E-06
7.08989E-06
8.06137E-06
1.00043E-05
1.09758E-05
1.21092E-05
1.6319E-05
1.59951E-05
1.27569E-05
9.03285E-06
1.27569E-05
1.40522E-05
1.12996E-05
1.12996E-05
3.20397E-06
3.85162E-06
2.23248E-06
-1.97727E-06
-4.08215E-06
2.71822E-06
1.42292E-06
6.76606E-06
9.19477E-06
1.08139E-05
9.84242E-06
1.01662E-05
1.2595E-05
1.32426E-05
1.37283E-05
1.35664E-05
1.42141E-05
1.12996E-05
1.37283E-05
1.00043E-05
8.87094E-06
7.57563E-06
7.08989E-06
4.01353E-06
4.49927E-06
4.33736E-06
4.49927E-06
1.42292E-06
3.04205E-06
3.68971E-06
7.89946E-06
1.09758E-05
1.48617E-05
1.61571E-05
1.69666E-05
1.6319E-05
1.61571E-05
1.69666E-05
8.87094E-06
1.0652E-05
7.57563E-06
8.22329E-06
5.30884E-06
3.52779E-06
2.88014E-06
-1.9622E-07
3.04205E-06
4.98501E-06
7.57563E-06
9.03285E-06
9.68051E-06
1.37283E-05
1.42141E-05
1.46998E-05
1.59951E-05
1.6319E-05
1.66428E-05
1.37283E-05
9.35668E-06
4.49927E-06
5.30884E-06
6.76606E-06
4.49927E-06
2.55631E-06
2.07057E-06
6.13348E-07
1.42292E-06
4.98501E-06
4.98501E-06
7.41372E-06
9.19477E-06
1.27569E-05
1.01662E-05
1.30807E-05
1.35664E-05
1.16235E-05
1.01662E-05
1.01662E-05
7.57563E-06
9.84242E-06
8.3852E-06
8.06137E-06
6.60415E-06
4.98501E-06
2.07057E-06
2.07057E-06
3.04205E-06
4.8231E-06
8.3852E-06
1.0652E-05
1.56713E-05
1.21092E-05
1.30807E-05
1.59951E-05
1.50237E-05
1.89096E-05
1.72904E-05
1.50237E-05
1.27569E-05
7.89946E-06
9.19477E-06
7.57563E-06
3.85162E-06
1.58483E-06
3.36588E-06
-2.13918E-06
1.27607E-07
3.52779E-06
2.71822E-06
8.3852E-06
8.54711E-06
1.08139E-05
1.17854E-05
1.35664E-05
1.53475E-05
1.4376E-05
1.34045E-05
1.45379E-05
1.08139E-05
1.03282E-05
8.3852E-06
7.25181E-06
5.30884E-06
5.30884E-06
4.66119E-06
3.85162E-06
1.90866E-06
3.85162E-06
4.33736E-06
7.73755E-06
1.12996E-05
1.03282E-05
1.2595E-05
1.32426E-05
1.56713E-05
1.17854E-05
1.14616E-05
1.2595E-05
8.3852E-06
6.11841E-06
8.22329E-06
9.03285E-06
4.17545E-06
4.51434E-07
3.52779E-06
4.98501E-06
4.49927E-06
3.85162E-06
5.47076E-06
8.22329E-06
7.25181E-06
9.5186E-06
1.66428E-05
1.79381E-05
1.69666E-05
1.74524E-05
1.48617E-05
1.46998E-05
1.4376E-05
1.2595E-05
1.29188E-05
4.01353E-06
3.85162E-06
3.04205E-06
2.88014E-06
3.85162E-06
4.8231E-06
5.30884E-06
4.66119E-06
6.60415E-06
1.09758E-05
1.4376E-05
1.46998E-05
1.46998E-05
1.76143E-05
1.45379E-05
1.38903E-05
1.01662E-05
9.35668E-06
7.41372E-06
6.44224E-06
5.30884E-06
-3.43064E-08
-1.00579E-06
-2.62492E-06
-3.27258E-06
-2.46301E-06
-1.49153E-06
4.8231E-06
4.8231E-06
4.98501E-06
1.40522E-05
1.53475E-05
1.35664E-05
1.92334E-05
1.90715E-05
1.87477E-05
1.48617E-05
1.35664E-05
1.19473E-05
1.16235E-05
6.28032E-06
9.03285E-06
7.08989E-06
4.66119E-06
3.20397E-06
2.88014E-06
6.11841E-06
8.22329E-06
1.00043E-05
1.45379E-05
1.37283E-05
1.53475E-05
1.59951E-05
1.40522E-05
1.27569E-05
1.29188E-05
1.04901E-05
6.44224E-06
4.49927E-06
2.07057E-06
4.01353E-06
4.01353E-06
-1.9622E-07
4.51434E-07
-1.32962E-06
1.261E-06
2.3944E-06
5.63267E-06
7.41372E-06
1.21092E-05
1.40522E-05
1.58332E-05
1.72904E-05
1.59951E-05
1.72904E-05
1.59951E-05
1.32426E-05
1.04901E-05
1.03282E-05
5.79458E-06
9.03285E-06
2.07057E-06
5.63267E-06
4.8231E-06
6.13348E-07
1.09909E-06
1.90866E-06
3.04205E-06
9.68051E-06
1.21092E-05
1.71285E-05
1.55094E-05
1.6319E-05
1.90715E-05
1.85858E-05
1.55094E-05
1.30807E-05
1.04901E-05
8.22329E-06
8.06137E-06
3.68971E-06
3.20397E-06
2.23248E-06
4.51434E-07
-1.9622E-07
1.74674E-06
6.13348E-07
4.49927E-06
5.9565E-06
8.06137E-06
1.14616E-05
1.48617E-05
1.64809E-05
1.6319E-05
1.58332E-05
1.53475E-05
1.42141E-05
1.08139E-05
1.29188E-05
8.54711E-06
9.19477E-06
7.08989E-06
1.42292E-06
1.09909E-06
-1.00579E-06
5.30884E-06
3.85162E-06
5.47076E-06
5.30884E-06
9.03285E-06
1.00043E-05
1.38903E-05
1.12996E-05
8.70903E-06
9.84242E-06
1.17854E-05
7.57563E-06
1.30807E-05
1.29188E-05
1.08139E-05
9.19477E-06
8.3852E-06
2.71822E-06
4.66119E-06
2.88014E-06
4.66119E-06
6.60415E-06
7.41372E-06
1.0652E-05
1.14616E-05
1.50237E-05
1.32426E-05
1.59951E-05
1.76143E-05
1.48617E-05
1.17854E-05
1.08139E-05
8.70903E-06
9.68051E-06
3.36588E-06
2.88014E-06
2.88014E-06
3.85162E-06
4.17545E-06
5.47076E-06
5.47076E-06
4.49927E-06
6.28032E-06
6.92798E-06
8.54711E-06
1.34045E-05
1.22711E-05
1.4376E-05
1.77762E-05
1.40522E-05
1.51856E-05
1.38903E-05
1.12996E-05
6.76606E-06
8.70903E-06
5.30884E-06
1.58483E-06
5.14693E-06
6.13348E-07
1.90866E-06
9.37175E-07
3.68971E-06
4.8231E-06
9.35668E-06
9.5186E-06
1.2595E-05
1.27569E-05
1.42141E-05
1.34045E-05
1.38903E-05
1.34045E-05
1.21092E-05
1.32426E-05
1.27569E-05
1.19473E-05
8.70903E-06
7.41372E-06
4.8231E-06
5.47076E-06
4.17545E-06
7.75262E-07
2.88014E-06
3.20397E-06
3.52779E-06
3.52779E-06
9.19477E-06
1.30807E-05
1.34045E-05
9.19477E-06
1.51856E-05
1.55094E-05
1.71285E-05
1.51856E-05
1.29188E-05
1.04901E-05
4.98501E-06
6.13348E-07
4.51434E-07
-1.00579E-06
4.51434E-07
4.33736E-06
6.60415E-06
8.06137E-06
1.01662E-05
1.2595E-05
1.27569E-05
1.30807E-05
1.35664E-05
1.21092E-05
1.79381E-05
1.64809E-05
1.53475E-05
1.50237E-05
1.17854E-05
7.25181E-06
2.23248E-06
2.71822E-06
7.75262E-07
9.37175E-07
-1.32962E-06
3.68971E-06
5.14693E-06
6.28032E-06
6.44224E-06
1.19473E-05
1.30807E-05
1.29188E-05
1.4376E-05
1.35664E-05
1.29188E-05
1.17854E-05
9.35668E-06
1.03282E-05
8.3852E-06
8.70903E-06
1.00043E-05
6.28032E-06
8.3852E-06
6.28032E-06
3.04205E-06
1.74674E-06
-1.49153E-06
3.36588E-06
9.35668E-06
9.84242E-06
1.22711E-05
1.2595E-05
1.2433E-05
1.72904E-05
1.72904E-05
1.69666E-05
1.55094E-05
1.03282E-05
1.03282E-05
3.04205E-06
7.75262E-07
3.36588E-06
3.36588E-06
1.90866E-06
1.42292E-06
3.68971E-06
2.88014E-06
5.14693E-06
4.17545E-06
6.11841E-06
1.00043E-05
1.27569E-05
1.55094E-05
2.0043E-05
1.71285E-05
1.55094E-05
1.51856E-05
1.35664E-05
1.35664E-05
1.30807E-05
4.8231E-06
4.98501E-06
3.36588E-06
6.13348E-07
1.261E-06
6.13348E-07
4.49927E-06
6.60415E-06
1.21092E-05
1.12996E-05
8.54711E-06
8.70903E-06
1.19473E-05
1.22711E-05
1.38903E-05
1.35664E-05
1.2433E-05
9.5186E-06
4.49927E-06
3.36588E-06
4.49927E-06
5.47076E-06
4.8231E-06
4.66119E-06
2.55631E-06
4.01353E-06
5.30884E-06
7.08989E-06
9.5186E-06
1.50237E-05
1.27569E-05
1.48617E-05
1.59951E-05
1.79381E-05
1.77762E-05
1.09758E-05
9.19477E-06
1.21092E-05
1.19473E-05
1.19473E-05
5.9565E-06
4.49927E-06
2.88014E-06
1.09909E-06
1.74674E-06
1.09909E-06
2.89521E-07
3.20397E-06
9.5186E-06
1.38903E-05
1.35664E-05
1.34045E-05
1.00043E-05
1.16235E-05
1.40522E-05
9.5186E-06
9.03285E-06
7.41372E-06
7.89946E-06
4.98501E-06
6.44224E-06
4.8231E-06
1.74674E-06
7.41372E-06
2.07057E-06
4.66119E-06
6.60415E-06
6.28032E-06
9.19477E-06
1.03282E-05
1.30807E-05
1.27569E-05
1.85858E-05
1.87477E-05
1.93953E-05
1.82619E-05
1.35664E-05
1.14616E-05
6.44224E-06
5.14693E-06
4.33736E-06
2.55631E-06
-3.43064E-08
1.74674E-06
4.8231E-06
6.76606E-06
4.8231E-06
5.14693E-06
5.63267E-06
5.63267E-06
1.30807E-05
1.30807E-05
1.2433E-05
1.58332E-05
1.76143E-05
1.2595E-05
1.21092E-05
1.09758E-05
9.84242E-06
9.5186E-06
8.70903E-06
8.87094E-06
7.41372E-06
3.85162E-06
-8.43874E-07
1.90866E-06
-1.00579E-06
-1.9622E-07
6.92798E-06
7.41372E-06
7.25181E-06
1.21092E-05
1.40522E-05
1.22711E-05
1.00043E-05
1.11377E-05
9.35668E-06
9.84242E-06
1.12996E-05
8.87094E-06
8.06137E-06
8.87094E-06
4.98501E-06
5.79458E-06
7.25181E-06
7.41372E-06
5.47076E-06
8.87094E-06
1.14616E-05
1.03282E-05
1.14616E-05
1.2595E-05
1.55094E-05
1.32426E-05
1.16235E-05
1.37283E-05
1.16235E-05
8.87094E-06
8.3852E-06
1.08139E-05
6.92798E-06
1.00043E-05
6.92798E-06
3.85162E-06
3.20397E-06
3.20397E-06
1.74674E-06
1.09909E-06
4.49927E-06
2.23248E-06
8.54711E-06
1.2595E-05
1.32426E-05
1.30807E-05
1.61571E-05
1.59951E-05
1.72904E-05
1.17854E-05
1.11377E-05
9.19477E-06
6.76606E-06
4.33736E-06
5.63267E-06
3.04205E-06
2.71822E-06
5.14693E-06
5.14693E-06
8.3852E-06
9.5186E-06
9.84242E-06
1.40522E-05
1.42141E-05
1.56713E-05
1.45379E-05
1.38903E-05
8.70903E-06
9.35668E-06
7.73755E-06
6.11841E-06
3.68971E-06
5.14693E-06
3.04205E-06
2.55631E-06
1.261E-06
-5.20047E-07
2.55631E-06
4.98501E-06
8.54711E-06
8.54711E-06
1.04901E-05
1.17854E-05
1.45379E-05
1.46998E-05
1.38903E-05
1.38903E-05
1.56713E-05
1.34045E-05
1.51856E-05
9.03285E-06
7.73755E-06
9.84242E-06
4.17545E-06
1.09909E-06
6.13348E-07
4.51434E-07
2.23248E-06
2.88014E-06
3.04205E-06
8.54711E-06
1.14616E-05
1.38903E-05
1.66428E-05
1.6319E-05
1.32426E-05
1.4376E-05
1.71285E-05
1.27569E-05
1.11377E-05
1.03282E-05
1.0652E-05
9.5186E-06
5.30884E-06
2.71822E-06
2.23248E-06
3.85162E-06
5.9565E-06
7.89946E-06
5.9565E-06
2.88014E-06
4.17545E-06
7.89946E-06
1.0652E-05
1.2433E-05
1.11377E-05
9.5186E-06
8.70903E-06
1.08139E-05
1.09758E-05
8.06137E-06
7.25181E-06
7.25181E-06
6.60415E-06
5.63267E-06
2.88014E-06
5.14693E-06
5.47076E-06
5.14693E-06
5.14693E-06
8.70903E-06
1.00043E-05
1.2433E-05
1.82619E-05
1.72904E-05
2.05287E-05
2.02049E-05
1.55094E-05
1.37283E-05
1.21092E-05
9.35668E-06
8.54711E-06
6.44224E-06
3.85162E-06
-1.32962E-06
2.07057E-06
3.52779E-06
1.09909E-06
2.23248E-06
7.75262E-07
8.06137E-06
7.25181E-06
8.22329E-06
1.19473E-05
1.2433E-05
1.66428E-05
1.6319E-05
1.4376E-05
1.55094E-05
1.01662E-05
1.01662E-05
7.73755E-06
9.03285E-06
2.71822E-06
5.63267E-06
4.49927E-06
4.8231E-06
1.42292E-06
2.88014E-06
4.17545E-06
7.73755E-06
1.00043E-05
1.03282E-05
1.16235E-05
1.30807E-05
1.48617E-05
1.4376E-05
1.56713E-05
1.27569E-05
1.16235E-05
1.17854E-05
1.11377E-05
1.00043E-05
6.76606E-06
5.14693E-06
6.13348E-07
4.51434E-07
-1.32962E-06
3.20397E-06
3.85162E-06
7.41372E-06
8.3852E-06
7.25181E-06
1.2595E-05
1.30807E-05
1.46998E-05
1.38903E-05
1.61571E-05
1.50237E-05
1.38903E-05
1.19473E-05
1.17854E-05
1.22711E-05
3.68971E-06
3.68971E-06
3.68971E-06
3.52779E-06
3.52779E-06
1.74674E-06
4.01353E-06
5.47076E-06
9.35668E-06
1.29188E-05
1.45379E-05
1.32426E-05
1.81E-05
1.38903E-05
7.41372E-06
1.21092E-05
1.30807E-05
9.35668E-06
9.35668E-06
4.01353E-06
2.71822E-06
2.89521E-07
-3.43064E-08
-6.81961E-07
1.09909E-06
7.75262E-07
7.75262E-07
3.68971E-06
1.16235E-05
1.38903E-05
1.53475E-05
1.55094E-05
1.61571E-05
1.92334E-05
2.05287E-05
1.68047E-05
1.55094E-05
1.4376E-05
1.00043E-05
9.5186E-06
6.76606E-06
3.36588E-06
6.28032E-06
6.13348E-07
1.74674E-06
4.01353E-06
3.85162E-06
6.76606E-06
8.06137E-06
1.08139E-05
1.03282E-05
1.2433E-05
1.50237E-05
1.45379E-05
1.22711E-05
1.38903E-05
1.42141E-05
1.2433E-05
9.68051E-06
7.57563E-06
3.68971E-06
4.51434E-07
1.42292E-06
-1.97727E-06
-2.62492E-06
1.42292E-06
7.25181E-06
6.11841E-06
6.28032E-06
1.0652E-05
1.04901E-05
1.29188E-05
1.64809E-05
1.61571E-05
1.53475E-05
1.38903E-05
1.04901E-05
1.22711E-05
1.0652E-05
1.08139E-05
9.68051E-06
3.68971E-06
1.261E-06
2.88014E-06
1.90866E-06
3.68971E-06
6.44224E-06
1.11377E-05
8.70903E-06
1.17854E-05
1.27569E-05
1.56713E-05
1.37283E-05
1.50237E-05
1.38903E-05
1.55094E-05
1.34045E-05
1.09758E-05
1.0652E-05
4.49927E-06
-3.43064E-08
-8.43874E-07
1.58483E-06
1.261E-06
4.49927E-06
3.85162E-06
1.74674E-06
9.84242E-06
1.21092E-05
1.27569E-05
1.12996E-05
1.50237E-05
1.68047E-05
1.72904E-05
1.21092E-05
1.09758E-05
1.37283E-05
1.04901E-05
9.19477E-06
6.44224E-06
8.54711E-06
1.261E-06
-1.9622E-07
1.09909E-06
7.75262E-07
2.3944E-06
8.87094E-06
6.44224E-06
8.70903E-06
1.09758E-05
1.03282E-05
1.35664E-05
1.50237E-05
1.74524E-05
1.79381E-05
1.4376E-05
1.08139E-05
9.5186E-06
7.57563E-06
8.22329E-06
4.17545E-06
3.04205E-06
3.85162E-06
1.74674E-06
0
0
0
0
0
0
0
0
0
0
0
0
0
0
0
0
0
0
0
0
0
0
0
0
0
0
0
0
0
0
0
0
0
0
0
0
0
0
0
0
0
0
0
0
0
0
0
0
0
0
0
0
0
0
0
0
0
0
0
0
0
0
0
0
0
0
0
0
0
0
0
0
0
0
0
0
0
0
0
0
0
0
0
0
0
0
0
0
0
0
0
0
0
0
0
0
0
0
0
0
0
0
0
0
0
0
0
0
0
0
0
0
0
0
0
0
0
0
0
0
0
0
0
0
0
0
0
0
0
0
0
0
0
0
0
0
0
0
0
0
0
0
0
0
0
0
0
0
0
0
0
0
0
0
0
0
0
0
0
0
0
0
0
0
0
0
0
0
0
0
0
0
0
0
0
0
0
0
0
0
0
0
0
0
0
0
0
0
0
0
0
0
0
0
0
0
0
0
0
0
0
0
0
0
0
0
0
0
0
0
0
0
0
0
0
0
0
0
0
0
0
0
0
0
0
0
0
0
0
0
0
0
0
0
0
0
0
0
0
0
0
0
0
0
0
0
0
0
0
0
0
0
0
0
0
0
0
0
0
0
0
0
0
0
0
0
0
0
0
0
0
0
0
0
0
0
0
0
0
0
0
0
0
0
0
0
0
0
0
0
0
0
